

curr40 = ...
  [0 0 0 0;
   0 -115.66999999999999 -104.91 -18.83;
   0 -236.71999999999997 -164.08999999999997 -32.279999999999994;
   0 -236.71999999999997 -161.39999999999998 -24.209999999999997;
   0 -204.43999999999997 -172.16 -18.83;
   0 -204.43999999999997 -166.77999999999997 -18.83;
   0 -201.74999999999997 -166.77999999999997 -18.83;
   0 -204.43999999999997 -166.77999999999997 -16.139999999999997];
curr60 = ...
  [0 0 0 0;
   0 -107.6 -102.21999999999998 -18.83;
   0 -231.33999999999997 -164.08999999999997 -32.279999999999994;
   0 -242.09999999999997 -142.57 -21.52;
   0 -207.13 -153.32999999999998 -16.139999999999997;
   0 -207.13 -150.64 -26.9;
   0 -207.13 -150.64 -16.139999999999997;
   0 -207.13 -150.64 -24.209999999999997];
curr80 = ...
  [0 0 0 0;
   0 -104.91 -104.91 -21.52;
   0 -234.02999999999997 -158.70999999999998 -26.9;
   0 -244.79 -145.26 -26.9;
   0 -207.13 -158.70999999999998 -26.9;
   0 -204.43999999999997 -156.01999999999998 -26.9;
   0 -204.43999999999997 -164.08999999999997 -26.9;
   0 -204.43999999999997 -153.32999999999998 -26.9];
curr60 = ...
  [0 0 0 0;
   0 -102.21999999999998 -107.6 -18.83;
   0 -223.26999999999998 -156.01999999999998 -29.589999999999996;
   0 -228.64999999999998 -156.01999999999998 -24.209999999999997;
   0 -196.36999999999998 -147.95 -18.83;
   0 -196.36999999999998 -145.26 -26.9;
   0 -196.36999999999998 -147.95 -26.9;
   0 -193.67999999999998 -150.64 -26.9];